 BSIM4v5: Berkeley Short Channel IGFET Model-4
     device m.xmb1.msky130_fd_pr_ m.xmb2.msky130_fd_pr_ m.xmp.msky130_fd_pr__
      model xmb1:sky130_fd_pr__pf xmb2:sky130_fd_pr__nf xmp:sky130_fd_pr__pfe
          l                 5e-07                 5e-07               1.5e-07
          w                 5e-05                0.0001                 0.002
          m                     1                     1                     1
         nf                    10                    20                   400
         sa                     0                     0                     0
         sb                     0                     0                     0
         sd                     0                     0                     0
        sca                     0                     0                     0
        scb                     0                     0                     0
        scc                     0                     0                     0
         sc                     0                     0                     0
        min                     0                     0                     0
         ad              7.25e-12              1.45e-11               2.9e-10
         as               8.7e-12             1.595e-11            2.9145e-10
         pd              5.29e-05             0.0001058              0.002116
         ps             6.348e-05            0.00011638            0.00212658
        nrd                0.0058                0.0029              0.000145
        nrs                0.0058                0.0029              0.000145
        off                     0                     0                     0
       rbdb                    50                    50                    50
       rbsb                    50                    50                    50
       rbpb                    50                    50                    50
       rbps                    50                    50                    50
       rbpd                    50                    50                    50
     delvto                     0                     0                     0
      mulu0                     1                     1                     1
        xgw                     0                     0                     0
      ngcon                     1                     1                     1
   trnqsmod                     0                     0                     0
   acnqsmod                     0                     0                     0
   rbodymod                     1                     1                     1
   rgatemod                     0                     0                     0
     geomod                     0                     0                     0
    rgeomod                     0                     0                     0
       gmbs           3.15726e-05           0.000564828            0.00425523
         gm           0.000134949            0.00258901             0.0138496
        gds           6.54844e-06           1.69589e-05            0.00144474
      vdsat             0.0940375              0.119385             0.0939404
        vth              0.311859               0.55869              0.597279
         id           9.99998e-06           0.000189999            0.00110409
        ibd           -6.3541e-12          -3.32703e-10          -1.02775e-09
        ibs          -2.47084e-17          -4.98375e-15          -3.63335e-15
        gbd           1.00064e-12                 1e-12           3.77732e-11
        gbs           4.26298e-10           9.23379e-09           2.36542e-08
       isub           1.33338e-17           7.35493e-10           1.95928e-22
      igidl                     0                     0                     0
      igisl                     0                     0                     0
        igs                     0                     0                     0
        igd                     0                     0                     0
        igb                     0                     0                     0
       igcs                     0                     0                     0
       igcd                     0                     0                     0
        vbs          -5.79205e-08          -5.28457e-07          -1.47179e-07
        vgs              0.308895              0.659883              0.570484
        vds              0.569633               1.22952              0.299059
        cgg            7.7179e-14           2.38877e-13           1.71066e-12
        cgs          -3.29009e-14          -2.11414e-13          -1.03018e-12
        cgd          -1.18977e-17           2.82763e-16           5.63291e-14
        cbg          -4.42422e-14          -5.32561e-14          -6.55957e-13
        cbd          -7.65851e-18           2.70571e-17           2.46275e-14
        cbs          -1.07554e-14          -2.54388e-14          -4.84783e-13
        cdg           -1.3191e-14           -7.4277e-14          -4.25511e-13
        cdd           1.54478e-17          -1.10737e-16          -2.79549e-14
        cds           1.74773e-14           9.47669e-14           6.06674e-13
        csg          -1.97457e-14          -1.11344e-13          -6.29195e-13
        csd           4.10845e-18          -1.99083e-16          -5.30017e-14
        css            2.6179e-14           1.42086e-13           9.08289e-13
        cgb          -4.42662e-14          -2.77452e-14          -7.36813e-13
        cdb          -4.30169e-15          -2.03791e-14          -1.53208e-13
        csb          -6.43735e-15          -3.05435e-14          -2.26092e-13
        cbb           5.50052e-14           7.86678e-14           1.11611e-12
      capbd           1.46754e-14           2.92347e-14           6.51959e-13
      capbs           2.19861e-14           5.45756e-14           7.77769e-13
         qg            1.1511e-13           1.97553e-13            2.8434e-12
         qb          -1.10313e-13          -1.37635e-13           -2.5616e-12
         qd          -1.92133e-15          -2.39745e-14          -1.13363e-13
         qs          -2.87641e-15           -3.5943e-14           -1.6844e-13
       qinv                     0                     0                     0
       qdef                    -0                     0                    -0
       gcrg                     0                     0                     0
       gtau                     0                     0                     0
    vgsteff             0.0464921             0.0882876              0.048076
     vdseff             0.0842664              0.118321             0.0896587
       cgso           4.95496e-16           2.48072e-14           1.65961e-13
       cgdo           4.95496e-16           2.48072e-14           1.65598e-13
       cgbo            6.0125e-19           1.00245e-18                     0
       weff           4.94001e-06           4.91124e-06           4.94035e-06
       leff           5.18655e-07           5.00391e-07           2.02243e-07

 BSIM4v5: Berkeley Short Channel IGFET Model-4
     device m.xm8.msky130_fd_pr__ m.xm7.msky130_fd_pr__ m.xm6.msky130_fd_pr__
      model xm8:sky130_fd_pr__nfe xm7:sky130_fd_pr__pfe xm6:sky130_fd_pr__nfe
          l                 1e-06                 5e-07                 1e-06
          w                 3e-05                 6e-05                 5e-06
          m                     1                     1                     1
         nf                     1                     1                     1
         sa                     0                     0                     0
         sb                     0                     0                     0
         sd                     0                     0                     0
        sca                     0                     0                     0
        scb                     0                     0                     0
        scc                     0                     0                     0
         sc                     0                     0                     0
        min                     0                     0                     0
         ad               8.7e-12              1.74e-11              1.45e-12
         as               8.7e-12              1.74e-11              1.45e-12
         pd             6.058e-05            0.00012058             1.058e-05
         ps             6.058e-05            0.00012058             1.058e-05
        nrd            0.00966667            0.00483333                 0.058
        nrs            0.00966667            0.00483333                 0.058
        off                     0                     0                     0
       rbdb                    50                    50                    50
       rbsb                    50                    50                    50
       rbpb                    50                    50                    50
       rbps                    50                    50                    50
       rbpd                    50                    50                    50
     delvto                     0                     0                     0
      mulu0                     1                     1                     1
        xgw                     0                     0                     0
      ngcon                     1                     1                     1
   trnqsmod                     0                     0                     0
   acnqsmod                     0                     0                     0
   rbodymod                     1                     1                     1
   rgatemod                     0                     0                     0
     geomod                     0                     0                     0
    rgeomod                     0                     0                     0
       gmbs           0.000199607           0.000226156           2.68057e-05
         gm           0.000836314           0.000805566           0.000113214
        gds           4.45905e-06            6.8504e-06           7.50214e-07
      vdsat              0.171251              0.166187              0.155603
        vth              0.477057              0.852981               0.51865
         id           8.00997e-05           8.00995e-05           9.99994e-06
        ibd          -3.20346e-10          -4.44376e-10          -5.62846e-11
        ibs          -5.56247e-15          -3.64516e-15          -7.27148e-16
        gbd           1.00001e-12           1.00006e-12           1.00024e-12
        gbs           7.20251e-09           9.48343e-09           1.25446e-09
       isub           4.16457e-13           2.03124e-14           4.54497e-19
      igidl                     0                     0                     0
      igisl                     0                     0                     0
        igs                     0                     0                     0
        igd                     0                     0                     0
        igb                     0                     0                     0
       igcs                     0                     0                     0
       igcd                     0                     0                     0
        vbs          -7.70282e-07          -3.81593e-07          -5.79293e-07
        vgs              0.687033              0.970309              0.687033
        vds               0.92062              0.879377              0.687033
        cgg           1.55181e-13           1.45703e-13             2.526e-14
        cgs          -1.38358e-13           -1.3095e-13          -2.21841e-14
        cgd          -5.83409e-17           2.55836e-16          -2.22998e-17
        cbg          -2.91795e-14          -3.11332e-14          -5.03558e-15
        cbd          -3.51404e-17           2.02912e-17          -1.42378e-17
        cbs          -2.46671e-14          -1.77347e-14          -3.91695e-15
        cdg          -5.04538e-14          -4.58682e-14          -8.10711e-15
        cdd           7.40528e-17          -8.71417e-17            2.8837e-17
        cds           6.52461e-14           5.95045e-14           1.04499e-14
        csg          -7.55472e-14          -6.87018e-14          -1.21173e-14
        csd           1.94284e-17          -1.88985e-16           7.70058e-18
        css           9.77793e-14           8.91806e-14           1.56511e-14
        cgb           -1.6764e-14          -1.50087e-14          -3.05366e-15
        cdb          -1.48664e-14          -1.35492e-14           -2.3716e-15
        csb          -2.22514e-14          -2.02898e-14           -3.5415e-15
        cbb           5.38818e-14           4.88477e-14           8.96676e-15
      capbd           1.57801e-14           2.55087e-14           2.85704e-15
      capbs           2.40342e-14           3.72232e-14           4.01749e-15
         qg           1.48732e-13           1.23671e-13           2.40691e-14
         qb          -9.86242e-14          -8.85975e-14          -1.66065e-14
         qd          -2.00572e-14          -1.40386e-14          -2.98898e-15
         qs          -3.00508e-14          -2.10349e-14          -4.47359e-15
       qinv                     0                     0                     0
       qdef                     0                    -0                     0
       gcrg                     0                     0                     0
       gtau                     0                     0                     0
    vgsteff              0.172154              0.133034              0.143183
     vdseff              0.169002              0.163896              0.152744
       cgso           7.49853e-15           5.02256e-15           1.24036e-15
       cgdo           7.49853e-15            4.9771e-15           1.24036e-15
       cgbo           1.00123e-19                     0           1.00123e-19
       weff           2.99112e-05           5.99404e-05           4.91124e-06
       leff           1.00039e-06           5.52243e-07           1.00039e-06

 BSIM4v5: Berkeley Short Channel IGFET Model-4
     device m.xm5.msky130_fd_pr__ m.xm4.msky130_fd_pr__ m.xm3.msky130_fd_pr__
      model xm5:sky130_fd_pr__nfe xm4:sky130_fd_pr__pfe xm3:sky130_fd_pr__pfe
          l                 1e-06                 5e-07                 5e-07
          w                 5e-06                 5e-06                 5e-06
          m                     1                     1                     1
         nf                     1                     1                     1
         sa                     0                     0                     0
         sb                     0                     0                     0
         sd                     0                     0                     0
        sca                     0                     0                     0
        scb                     0                     0                     0
        scc                     0                     0                     0
         sc                     0                     0                     0
        min                     0                     0                     0
         ad              1.45e-12              1.45e-12              1.45e-12
         as              1.45e-12              1.45e-12              1.45e-12
         pd             1.058e-05             1.058e-05             1.058e-05
         ps             1.058e-05             1.058e-05             1.058e-05
        nrd                 0.058                 0.058                 0.058
        nrs                 0.058                 0.058                 0.058
        off                     0                     0                     0
       rbdb                    50                    50                    50
       rbsb                    50                    50                    50
       rbpb                    50                    50                    50
       rbps                    50                    50                    50
       rbpd                    50                    50                    50
     delvto                     0                     0                     0
      mulu0                     1                     1                     1
        xgw                     0                     0                     0
      ngcon                     1                     1                     1
   trnqsmod                     0                     0                     0
   acnqsmod                     0                     0                     0
   rbodymod                     1                     1                     1
   rgatemod                     0                     0                     0
     geomod                     0                     0                     0
    rgeomod                     0                     0                     0
       gmbs           2.56034e-05           1.46818e-05           1.46407e-05
         gm           0.000107944           5.25514e-05           5.24025e-05
        gds           2.17502e-06           4.17517e-07           4.24978e-07
      vdsat              0.155603              0.147354              0.147281
        vth               0.51865              0.847233              0.847353
         id           9.55586e-06           4.78569e-06           4.77058e-06
        ibd          -5.57689e-11          -4.20878e-11           -4.2052e-11
        ibs          -6.94841e-16          -2.44069e-16          -2.43298e-16
        gbd           3.39718e-12                 1e-12                 1e-12
        gbs           1.25446e-09           8.80139e-10           8.80139e-10
       isub           1.02804e-20           7.88565e-15           4.48532e-15
      igidl                     0                     0                     0
      igisl                     0                     0                     0
        igs                     0                     0                     0
        igd                     0                     0                     0
        igb                     0                     0                     0
       igcs                     0                     0                     0
       igcd                     0                     0                     0
        vbs          -5.53543e-07          -2.77044e-07          -2.76168e-07
        vgs              0.687033              0.934436              0.934436
        vds              0.277632              0.970309              0.934436
        cgg           2.58055e-14           1.14738e-14           1.14726e-14
        cgs          -2.20265e-14          -1.00772e-14          -1.00755e-14
        cgd          -8.68036e-16           2.33605e-17           2.30883e-17
        cbg          -4.68729e-15          -2.66685e-15          -2.66676e-15
        cbd          -5.54218e-16           2.70466e-18           2.53966e-18
        cbs          -3.84534e-15          -1.44366e-15          -1.44349e-15
        cdg          -8.79275e-15          -3.52512e-15           -3.5249e-15
        cdd           1.08666e-15          -9.14748e-18          -8.80392e-18
        cds           1.02792e-14           4.61022e-15           4.60964e-15
        csg          -1.23255e-14          -5.28182e-15          -5.28093e-15
        csd            3.3559e-16          -1.69177e-17           -1.6824e-17
        css           1.55927e-14            6.9106e-15           6.90939e-15
        cgb          -2.91101e-15          -1.41998e-15          -1.42013e-15
        cdb          -2.57306e-15          -1.07596e-15          -1.07594e-15
        csb          -3.60278e-15          -1.61186e-15          -1.61164e-15
        cbb           9.08685e-15            4.1078e-15            4.1077e-15
      capbd           3.39928e-15           2.11063e-15           2.13238e-15
      capbs           4.01749e-15           3.15397e-15           3.15397e-15
         qg           2.41408e-14           1.00526e-14           1.00518e-14
         qb          -1.65608e-14          -7.31344e-15          -7.31353e-15
         qd          -3.07987e-15          -1.09623e-15          -1.09591e-15
         qs          -4.50013e-15          -1.64293e-15          -1.64233e-15
       qinv                     0                     0                     0
       qdef                     0                    -0                    -0
       gcrg                     0                     0                     0
       gtau                     0                     0                     0
    vgsteff              0.143183              0.109364              0.109274
     vdseff              0.144715              0.145589              0.145438
       cgso           1.24036e-15           4.15081e-16           4.15081e-16
       cgdo           1.24036e-15           4.06699e-16           4.08272e-16
       cgbo           1.00123e-19                     0                     0
       weff           4.91124e-06           4.94035e-06           4.94035e-06
       leff           1.00039e-06           5.52243e-07           5.52243e-07

 BSIM4v5: Berkeley Short Channel IGFET Model-4
     device m.xm2.msky130_fd_pr__ m.xm1.msky130_fd_pr__
      model xm2:sky130_fd_pr__nfe xm1:sky130_fd_pr__nfe
          l                 5e-07                 5e-07
          w                 1e-05                 1e-05
          m                     1                     1
         nf                     1                     1
         sa                     0                     0
         sb                     0                     0
         sd                     0                     0
        sca                     0                     0
        scb                     0                     0
        scc                     0                     0
         sc                     0                     0
        min                     0                     0
         ad               2.9e-12               2.9e-12
         as               2.9e-12               2.9e-12
         pd             2.058e-05             2.058e-05
         ps             2.058e-05             2.058e-05
        nrd                 0.029                 0.029
        nrs                 0.029                 0.029
        off                     0                     0
       rbdb                    50                    50
       rbsb                    50                    50
       rbpb                    50                    50
       rbps                    50                    50
       rbpd                    50                    50
     delvto                     0                     0
      mulu0                     1                     1
        xgw                     0                     0
      ngcon                     1                     1
   trnqsmod                     0                     0
   acnqsmod                     0                     0
   rbodymod                     1                     1
   rgatemod                     0                     0
     geomod                     0                     0
    rgeomod                     0                     0
       gmbs           1.68587e-05             1.681e-05
         gm           8.18955e-05           8.16459e-05
        gds           8.81779e-07           8.50078e-07
      vdsat             0.0802396             0.0800716
        vth              0.603298              0.603249
         id           4.78562e-06           4.77051e-06
        ibd          -1.09193e-10          -1.09229e-10
        ibs          -1.08434e-10          -1.08434e-10
        gbd           1.00002e-12           1.00001e-12
        gbs           5.67219e-12           5.67219e-12
       isub           3.48002e-20           4.77961e-20
      igidl                     0                     0
      igisl                     0                     0
        igs                     0                     0
        igd                     0                     0
        igb                     0                     0
       igcs                     0                     0
       igcd                     0                     0
        vbs             -0.277633             -0.277633
        vgs              0.622931              0.622367
        vds              0.552057               0.58793
        cgg           2.17907e-14           2.17723e-14
        cgs          -1.85741e-14          -1.85546e-14
        cgd           5.14533e-19           4.35739e-18
        cbg          -5.04979e-15          -5.05329e-15
        cbd          -1.05048e-17          -7.94898e-18
        cbs          -2.20632e-15          -2.20531e-15
        cdg          -6.71264e-15          -6.70143e-15
        cdd           1.67677e-17           1.17408e-17
        cds           8.32013e-15           8.31129e-15
        csg          -1.00283e-14          -1.00176e-14
        csd          -6.77744e-18          -8.14918e-18
        css           1.24603e-14           1.24486e-14
        cgb          -3.21718e-15          -3.22212e-15
        cdb          -1.62426e-15           -1.6216e-15
        csb          -2.42518e-15          -2.42284e-15
        cbb           7.26661e-15           7.26656e-15
      capbd           5.42564e-15           5.36376e-15
      capbs           6.78214e-15           6.78214e-15
         qg           2.12787e-14           2.12665e-14
         qb           -1.6709e-14          -1.67065e-14
         qd            -1.831e-15          -1.82671e-15
         qs          -2.73869e-15          -2.73331e-15
       qinv                     0                     0
       qdef                     0                     0
       gcrg                     0                     0
       gtau                     0                     0
    vgsteff             0.0326556             0.0324343
     vdseff             0.0785799               0.07853
       cgso           2.49199e-15           2.49199e-15
       cgdo           2.49199e-15           2.49199e-15
       cgbo           5.01226e-20           5.01226e-20
       weff           9.91124e-06           9.91124e-06
       leff           5.00391e-07           5.00391e-07

