 BSIM4v5: Berkeley Short Channel IGFET Model-4
     device m.xmb1.msky130_fd_pr_ m.xmb2.msky130_fd_pr_ m.xmp.msky130_fd_pr__
      model xmb1:sky130_fd_pr__pf xmb2:sky130_fd_pr__nf xmp:sky130_fd_pr__pfe
          l                 5e-07                 5e-07               1.5e-07
          w                 5e-05                0.0001                 0.002
          m                     1                     1                     1
         nf                    10                    20                   400
         sa                     0                     0                     0
         sb                     0                     0                     0
         sd                     0                     0                     0
        sca                     0                     0                     0
        scb                     0                     0                     0
        scc                     0                     0                     0
         sc                     0                     0                     0
        min                     0                     0                     0
         ad              7.25e-12              1.45e-11               2.9e-10
         as               8.7e-12             1.595e-11            2.9145e-10
         pd              5.29e-05             0.0001058              0.002116
         ps             6.348e-05            0.00011638            0.00212658
        nrd                0.0058                0.0029              0.000145
        nrs                0.0058                0.0029              0.000145
        off                     0                     0                     0
       rbdb                    50                    50                    50
       rbsb                    50                    50                    50
       rbpb                    50                    50                    50
       rbps                    50                    50                    50
       rbpd                    50                    50                    50
     delvto                     0                     0                     0
      mulu0                     1                     1                     1
        xgw                     0                     0                     0
      ngcon                     1                     1                     1
   trnqsmod                     0                     0                     0
   acnqsmod                     0                     0                     0
   rbodymod                     1                     1                     1
   rgatemod                     0                     0                     0
     geomod                     0                     0                     0
    rgeomod                     0                     0                     0
       gmbs           4.29407e-05           0.000787746            0.00332443
         gm           0.000180198            0.00378695             0.0200846
        gds           1.22189e-05           2.88502e-05             0.0032706
      vdsat             0.0604717             0.0672693             0.0583678
        vth              0.433799              0.668025              0.858704
         id           9.99971e-06               0.00019            0.00110702
        ibd          -2.74202e-13          -9.69904e-13          -2.98741e-13
        ibs          -5.79984e-20          -5.50587e-19          -1.60064e-19
        gbd                 1e-12                 1e-12                 1e-12
        gbs                 1e-12           1.00003e-12           1.00006e-12
       isub           2.85822e-24           3.41598e-11           2.92156e-21
      igidl                     0                     0                     0
      igisl                     0                     0                     0
        igs                     0                     0                     0
        igd                     0                     0                     0
        igb                     0                     0                     0
       igcs                     0                     0                     0
       igcd                     0                     0                     0
        vbs          -5.79966e-08          -5.50136e-07          -1.60053e-07
        vgs              0.443019              0.695702              0.830096
        vds              0.274202              0.969903               0.29874
        cgg           5.49648e-14           2.56155e-13           1.40647e-12
        cgs           -1.8834e-14          -2.29763e-13           -8.7409e-13
        cgd          -2.28675e-17           4.62215e-16           9.70909e-14
        cbg          -3.69802e-14          -5.19426e-14          -5.01263e-13
        cbd          -2.06881e-17           2.97099e-17           3.64649e-14
        cbs          -4.47604e-15          -2.08183e-14          -3.34972e-13
        cdg          -7.22614e-15          -8.17328e-14           -3.6455e-13
        cdd           3.40072e-17          -1.78569e-16          -5.13436e-14
        cds           9.35038e-15           1.00275e-13           4.84571e-13
        csg          -1.07585e-14           -1.2248e-13          -5.40661e-13
        csd           9.54832e-18          -3.13355e-16          -8.22122e-14
        css           1.39597e-14           1.50306e-13           7.24491e-13
        cgb          -3.61079e-14          -2.68546e-14          -6.29475e-13
        cdb          -2.15824e-15          -1.83637e-14          -6.86771e-14
        csb          -3.21074e-15          -2.75129e-14          -1.01618e-13
        cbb           4.14769e-14           7.27312e-14           7.99771e-13
      capbd           1.40377e-14           2.27111e-14           5.49541e-13
      capbs           1.80248e-14           3.78142e-14           6.43662e-13
         qg           8.71826e-14            1.6919e-13            2.0555e-12
         qb          -8.57287e-14          -1.26087e-13             -1.88e-12
         qd          -5.84061e-16          -1.72496e-14          -7.05507e-14
         qs          -8.69798e-16          -2.58535e-14          -1.04947e-13
       qinv                     0                     0                     0
       qdef                    -0                     0                    -0
       gcrg                     0                     0                     0
       gtau                     0                     0                     0
    vgsteff             0.0426165             0.0485036             0.0301536
     vdseff             0.0484062             0.0665328             0.0560579
       cgso           3.65261e-15           2.44926e-14           1.40301e-13
       cgdo           3.65261e-15           2.44926e-14           1.40236e-13
       cgbo           4.59236e-19           9.25674e-19                     0
       weff           5.03009e-06           5.00132e-06           5.03043e-06
       leff           4.70145e-07           4.51881e-07           1.53733e-07

 BSIM4v5: Berkeley Short Channel IGFET Model-4
     device m.xm8.msky130_fd_pr__ m.xm7.msky130_fd_pr__ m.xm6.msky130_fd_pr__
      model xm8:sky130_fd_pr__nfe xm7:sky130_fd_pr__pfe xm6:sky130_fd_pr__nfe
          l                 1e-06                 5e-07                 1e-06
          w                 3e-05                 6e-05                 5e-06
          m                     1                     1                     1
         nf                     1                     1                     1
         sa                     0                     0                     0
         sb                     0                     0                     0
         sd                     0                     0                     0
        sca                     0                     0                     0
        scb                     0                     0                     0
        scc                     0                     0                     0
         sc                     0                     0                     0
        min                     0                     0                     0
         ad               8.7e-12              1.74e-11              1.45e-12
         as               8.7e-12              1.74e-11              1.45e-12
         pd             6.058e-05            0.00012058             1.058e-05
         ps             6.058e-05            0.00012058             1.058e-05
        nrd            0.00966667            0.00483333                 0.058
        nrs            0.00966667            0.00483333                 0.058
        off                     0                     0                     0
       rbdb                    50                    50                    50
       rbsb                    50                    50                    50
       rbpb                    50                    50                    50
       rbps                    50                    50                    50
       rbpd                    50                    50                    50
     delvto                     0                     0                     0
      mulu0                     1                     1                     1
        xgw                     0                     0                     0
      ngcon                     1                     1                     1
   trnqsmod                     0                     0                     0
   acnqsmod                     0                     0                     0
   rbodymod                     1                     1                     1
   rgatemod                     0                     0                     0
     geomod                     0                     0                     0
    rgeomod                     0                     0                     0
       gmbs            0.00029689           0.000290276           3.70179e-05
         gm            0.00131048            0.00121638           0.000163049
        gds           8.49019e-06           8.16897e-06           1.01504e-06
      vdsat                 0.106              0.119526             0.0930525
        vth              0.610902               1.08606              0.631896
         id           8.40803e-05           8.40803e-05                 1e-05
        ibd          -5.26884e-13          -1.27312e-12          -7.10895e-13
        ibs          -8.12796e-19          -4.06322e-19          -5.79998e-19
        gbd                 1e-12                 1e-12                 1e-12
        gbs           1.00003e-12           1.00003e-12                 1e-12
       isub           9.31672e-20           5.59295e-12            4.2304e-17
      igidl                     0                     0                     0
      igisl                     0                     0                     0
        igs                     0                     0                     0
        igd                     0                     0                     0
        igb                     0                     0                     0
       igcs                     0                     0                     0
       igcd                     0                     0                     0
        vbs           -8.1277e-07          -4.06233e-07          -5.79991e-07
        vgs              0.710894               1.18002              0.710895
        vds              0.526883               1.27311              0.710894
        cgg           1.66925e-13           1.54713e-13           2.79463e-14
        cgs          -1.48757e-13          -1.43038e-13          -2.49187e-14
        cgd          -2.60818e-16           4.32251e-16          -1.22201e-17
        cbg          -2.81433e-14          -2.90804e-14          -5.05482e-15
        cbd          -1.45505e-16           4.15801e-17          -7.56812e-18
        cbs           -2.3487e-14          -1.40807e-14          -3.66696e-15
        cdg          -5.57213e-14          -5.02697e-14          -9.17013e-15
        cdd           3.19367e-16           -1.8421e-16           1.56409e-17
        cds           6.90071e-14           6.28638e-14           1.14444e-14
        csg          -8.30599e-14          -7.53628e-14          -1.37213e-14
        csd            8.6956e-17          -2.89621e-16           4.14731e-18
        css           1.03237e-13           9.42553e-14           1.71413e-14
        cgb           -1.7907e-14          -1.21067e-14          -3.01533e-15
        cdb          -1.36051e-14          -1.24099e-14          -2.28987e-15
        csb          -2.02637e-14          -1.86029e-14          -3.42415e-15
        cbb           5.17758e-14           4.31195e-14           8.72935e-15
      capbd            1.2662e-14           1.94359e-14           1.99722e-15
      capbs           1.62841e-14           2.97946e-14           2.73538e-15
         qg           1.28783e-13           1.08942e-13           2.15404e-14
         qb          -9.18102e-14          -8.01291e-14          -1.58108e-14
         qd          -1.48228e-14          -1.15282e-14          -2.29426e-15
         qs          -2.21504e-14          -1.72842e-14          -3.43538e-15
       qinv                     0                     0                     0
       qdef                     0                    -0                     0
       gcrg                     0                     0                     0
       gtau                     0                     0                     0
    vgsteff             0.0995405              0.101367             0.0854797
     vdseff              0.103554                0.1185             0.0915739
       cgso           7.29312e-15           4.17516e-15           1.22463e-15
       cgdo           7.29312e-15           4.06634e-15           1.22463e-15
       cgbo           9.62837e-20                     0           9.62837e-20
       weff           3.00013e-05           6.00304e-05           5.00132e-06
       leff           9.51881e-07           5.03733e-07           9.51881e-07

 BSIM4v5: Berkeley Short Channel IGFET Model-4
     device m.xm5.msky130_fd_pr__ m.xm4.msky130_fd_pr__ m.xm3.msky130_fd_pr__
      model xm5:sky130_fd_pr__nfe xm4:sky130_fd_pr__pfe xm3:sky130_fd_pr__pfe
          l                 1e-06                 5e-07                 5e-07
          w                 5e-06                 5e-06                 5e-06
          m                     1                     1                     1
         nf                     1                     1                     1
         sa                     0                     0                     0
         sb                     0                     0                     0
         sd                     0                     0                     0
        sca                     0                     0                     0
        scb                     0                     0                     0
        scc                     0                     0                     0
         sc                     0                     0                     0
        min                     0                     0                     0
         ad              1.45e-12              1.45e-12              1.45e-12
         as              1.45e-12              1.45e-12              1.45e-12
         pd             1.058e-05             1.058e-05             1.058e-05
         ps             1.058e-05             1.058e-05             1.058e-05
        nrd                 0.058                 0.058                 0.058
        nrs                 0.058                 0.058                 0.058
        off                     0                     0                     0
       rbdb                    50                    50                    50
       rbsb                    50                    50                    50
       rbpb                    50                    50                    50
       rbps                    50                    50                    50
       rbpd                    50                    50                    50
     delvto                     0                     0                     0
      mulu0                     1                     1                     1
        xgw                     0                     0                     0
      ngcon                     1                     1                     1
   trnqsmod                     0                     0                     0
   acnqsmod                     0                     0                     0
   rbodymod                     1                     1                     1
   rgatemod                     0                     0                     0
     geomod                     0                     0                     0
    rgeomod                     0                     0                     0
       gmbs           3.49954e-05           1.82176e-05           1.81379e-05
         gm           0.000153898            7.6617e-05           7.62743e-05
        gds           2.45034e-06           5.43076e-07           5.47613e-07
      vdsat             0.0930525              0.101836              0.101699
        vth              0.631896               1.06483               1.06504
         id           9.35591e-06            4.6908e-06           4.66511e-06
        ibd          -2.23432e-13          -1.18002e-12           -1.1329e-12
        ibs          -5.42644e-19          -2.72058e-19          -2.70569e-19
        gbd                 1e-12                 1e-12                 1e-12
        gbs                 1e-12                 1e-12                 1e-12
       isub           1.07822e-20            1.6349e-13           1.04595e-13
      igidl                     0                     0                     0
      igisl                     0                     0                     0
        igs                     0                     0                     0
        igd                     0                     0                     0
        igb                     0                     0                     0
       igcs                     0                     0                     0
       igcd                     0                     0                     0
        vbs           -5.4264e-07          -2.72048e-07           -2.7056e-07
        vgs              0.710895                1.1329                1.1329
        vds              0.223432               1.18002                1.1329
        cgg           2.86064e-14           1.26042e-14            1.2601e-14
        cgs          -2.48632e-14          -1.14668e-14           -1.1463e-14
        cgd          -8.83234e-16           3.91056e-17           3.89857e-17
        cbg          -4.64599e-15          -2.47181e-15          -2.47184e-15
        cbd          -5.47001e-16           4.02432e-18           3.95676e-18
        cbs          -3.65869e-15          -1.20786e-15          -1.20752e-15
        cdg          -9.98844e-15           -4.0545e-15          -4.05335e-15
        cdd           1.08868e-15          -1.67605e-17          -1.66182e-17
        cds           1.14021e-14           5.07136e-15           5.06983e-15
        csg           -1.3972e-14           -6.0779e-15           -6.0758e-15
        csd           3.41551e-16          -2.63693e-17          -2.63243e-17
        css           1.71198e-14           7.60333e-15           7.60073e-15
        cgb          -2.85999e-15          -1.17648e-15          -1.17694e-15
        cdb          -2.50231e-15           -1.0001e-15          -9.99864e-16
        csb          -3.48938e-15          -1.49906e-15           -1.4986e-15
        cbb           8.85168e-15           3.67565e-15            3.6754e-15
      capbd           2.42165e-15           1.69444e-15           1.71371e-15
      capbs           2.73538e-15           2.53619e-15           2.53619e-15
         qg           2.16082e-14           8.90297e-15           8.90113e-15
         qb          -1.57688e-14          -6.74396e-15          -6.74414e-15
         qd            -2.379e-15          -8.63885e-16          -8.63098e-16
         qs          -3.46035e-15          -1.29513e-15          -1.29389e-15
       qinv                     0                     0                     0
       qdef                     0                    -0                    -0
       gcrg                     0                     0                     0
       gtau                     0                     0                     0
    vgsteff             0.0854797             0.0800191             0.0798558
     vdseff             0.0867104                0.1009              0.100723
       cgso           1.22463e-15           3.50797e-16           3.50797e-16
       cgdo           1.22463e-15           3.43504e-16           3.45217e-16
       cgbo           9.62837e-20                     0                     0
       weff           5.00132e-06           5.03043e-06           5.03043e-06
       leff           9.51881e-07           5.03733e-07           5.03733e-07

 BSIM4v5: Berkeley Short Channel IGFET Model-4
     device m.xm2.msky130_fd_pr__ m.xm1.msky130_fd_pr__
      model xm2:sky130_fd_pr__nfe xm1:sky130_fd_pr__nfe
          l                 5e-07                 5e-07
          w                 1e-05                 1e-05
          m                     1                     1
         nf                     1                     1
         sa                     0                     0
         sb                     0                     0
         sd                     0                     0
        sca                     0                     0
        scb                     0                     0
        scc                     0                     0
         sc                     0                     0
        min                     0                     0
         ad               2.9e-12               2.9e-12
         as               2.9e-12               2.9e-12
         pd             2.058e-05             2.058e-05
         ps             2.058e-05             2.058e-05
        nrd                 0.029                 0.029
        nrs                 0.029                 0.029
        off                     0                     0
       rbdb                    50                    50
       rbsb                    50                    50
       rbpb                    50                    50
       rbps                    50                    50
       rbpd                    50                    50
     delvto                     0                     0
      mulu0                     1                     1
        xgw                     0                     0
      ngcon                     1                     1
   trnqsmod                     0                     0
   acnqsmod                     0                     0
   rbodymod                     1                     1
   rgatemod                     0                     0
     geomod                     0                     0
    rgeomod                     0                     0
       gmbs           2.31668e-05           2.30524e-05
         gm           0.000123297           0.000122682
        gds           1.47137e-06           1.38846e-06
      vdsat             0.0461281             0.0459471
        vth              0.703686              0.703596
         id            4.6908e-06           4.66511e-06
        ibd          -6.19981e-13          -6.67096e-13
        ibs          -2.23433e-13          -2.23433e-13
        gbd                 1e-12                 1e-12
        gbs                 1e-12                 1e-12
       isub           2.78977e-20           3.14641e-20
      igidl                     0                     0
      igisl                     0                     0
        igs                     0                     0
        igd                     0                     0
        igb                     0                     0
       igcs                     0                     0
       igcd                     0                     0
        vbs             -0.223433             -0.223433
        vgs              0.677323              0.676567
        vds              0.396548              0.443663
        cgg           2.34727e-14           2.34323e-14
        cgs          -2.03814e-14           -2.0343e-14
        cgd          -2.49112e-18           8.38429e-18
        cbg           -4.8718e-15          -4.88099e-15
        cbd           -1.9609e-17          -1.24633e-17
        cbs          -1.93574e-15          -1.93272e-15
        cdg          -7.47265e-15          -7.44493e-15
        cdd           3.10352e-17           1.69655e-17
        cds            8.9441e-15           8.92484e-15
        csg          -1.11283e-14          -1.11064e-14
        csd          -8.93503e-18          -1.28864e-17
        css            1.3373e-14           1.33509e-14
        cgb          -3.08886e-15          -3.09765e-15
        cdb          -1.50249e-15          -1.49687e-15
        csb           -2.2358e-15          -2.23165e-15
        cbb           6.82714e-15           6.82617e-15
      capbd           4.09596e-15            4.0303e-15
      capbs           4.81907e-15           4.81907e-15
         qg           1.81118e-14           1.80942e-14
         qb          -1.48548e-14          -1.48519e-14
         qd          -1.30684e-15           -1.3001e-15
         qs          -1.95016e-15          -1.94228e-15
       qinv                     0                     0
       qdef                     0                     0
       gcrg                     0                     0
       gtau                     0                     0
    vgsteff             0.0174961             0.0172572
     vdseff             0.0448527             0.0448232
       cgso           2.43833e-15           2.43833e-15
       cgdo           2.43833e-15           2.43833e-15
       cgbo           4.62837e-20           4.62837e-20
       weff           1.00013e-05           1.00013e-05
       leff           4.51881e-07           4.51881e-07

